{
 "cells": [
  {
   "cell_type": "code",
   "execution_count": 1,
   "metadata": {},
   "outputs": [],
   "source": [
    "import numpy as np"
   ]
  },
  {
   "cell_type": "code",
   "execution_count": 2,
   "metadata": {},
   "outputs": [],
   "source": [
    "def hat(X):\n",
    "    \n",
    "    T=np.mat(X.T)\n",
    "    H = X.dot(np.linalg.inv(T.dot(X))).dot(T)\n",
    "    \n",
    "    return H"
   ]
  },
  {
   "cell_type": "code",
   "execution_count": 13,
   "metadata": {},
   "outputs": [
    {
     "name": "stdout",
     "output_type": "stream",
     "text": [
      "[[ 1 -1 -2 -3  1]\n",
      " [ 1 -3 -2 -1  1]\n",
      " [ 1 -1 -1 -4  1]\n",
      " [ 1  0 -5 -1  5]\n",
      " [ 1 -2 -2 -2  1]]\n",
      "[[  5  -7 -12 -11   9]\n",
      " [ -7  15  13  14  -7]\n",
      " [-12  13  38  21 -32]\n",
      " [-11  14  21  31 -15]\n",
      " [  9  -7 -32 -15  29]]\n",
      "[[-3.51339986e+15 -5.85566643e+14 -5.85566643e+14 -5.85566643e+14\n",
      "  -2.42713492e+00]\n",
      " [-5.85566643e+14 -9.75944404e+13 -9.75944404e+13 -9.75944404e+13\n",
      "  -1.04514749e+00]\n",
      " [-5.85566643e+14 -9.75944404e+13 -9.75944404e+13 -9.75944404e+13\n",
      "   1.28818585e+00]\n",
      " [-5.85566643e+14 -9.75944404e+13 -9.75944404e+13 -9.75944404e+13\n",
      "  -4.20147487e-01]\n",
      " [-2.18947453e+00 -1.00553742e+00  1.32779591e+00 -3.80537421e-01\n",
      "   1.73958333e+00]]\n"
     ]
    },
    {
     "data": {
      "text/plain": [
       "matrix([[ 1.046875  ,  0.140625  ,  0.36458333, -0.28645833,  0.59375   ],\n",
       "        [ 0.109375  ,  1.328125  ,  0.30208333,  0.08854167,  0.71875   ],\n",
       "        [ 0.30208333,  0.55208333,  1.38541667, -0.07291667,  0.42708333],\n",
       "        [ 0.29166667,  0.47916667,  0.33333333,  1.07291667,  0.38541667],\n",
       "        [ 0.84375   ,  1.09375   ,  0.61458333,  0.07291667,  0.96875   ]])"
      ]
     },
     "execution_count": 13,
     "metadata": {},
     "output_type": "execute_result"
    }
   ],
   "source": [
    "X = np.mat([\n",
    "    [1,-1,-2,-3,1],\n",
    "    [1,-3,-2,-1,1],\n",
    "    [1,-1,-1,-4,1],\n",
    "    [1,0,-5,-1,5],\n",
    "    [1,-2,-2,-2,1],\n",
    "])\n",
    "print(X)\n",
    "print(X.T.dot(X))\n",
    "print(np.linalg.inv(X.T.dot(X)))\n",
    "hat(X)"
   ]
  },
  {
   "cell_type": "code",
   "execution_count": 4,
   "metadata": {},
   "outputs": [
    {
     "data": {
      "text/plain": [
       "matrix([[ 1.046875  ,  0.140625  ,  0.36458333, -0.28645833,  0.59375   ],\n",
       "        [ 0.109375  ,  1.328125  ,  0.30208333,  0.08854167,  0.71875   ],\n",
       "        [ 0.30208333,  0.55208333,  1.38541667, -0.07291667,  0.42708333],\n",
       "        [ 0.29166667,  0.47916667,  0.33333333,  1.07291667,  0.38541667],\n",
       "        [ 0.84375   ,  1.09375   ,  0.61458333,  0.07291667,  0.96875   ]])"
      ]
     },
     "execution_count": 4,
     "metadata": {},
     "output_type": "execute_result"
    }
   ],
   "source": [
    "X2 = X*2\n",
    "hat(X2)"
   ]
  },
  {
   "cell_type": "code",
   "execution_count": 5,
   "metadata": {},
   "outputs": [
    {
     "data": {
      "text/plain": [
       "matrix([[-2.21875   , -4.46875   , -3.10416667, -2.27083333, -3.34375   ],\n",
       "        [-7.78125   , -7.03125   , -7.26041667, -8.55208333, -7.40625   ],\n",
       "        [-4.44791667, -4.19791667, -3.73958333, -3.69791667, -4.32291667],\n",
       "        [-3.42708333, -3.67708333, -3.66666667, -1.58333333, -3.55208333],\n",
       "        [-7.65625   , -7.40625   , -7.63541667, -9.17708333, -7.53125   ]])"
      ]
     },
     "execution_count": 5,
     "metadata": {},
     "output_type": "execute_result"
    }
   ],
   "source": [
    "X3 = np.mat([\n",
    "    [1,-1*2,-2*3,-3*4,1*5],\n",
    "    [1,-3*2,-2*3,-1*4,1*5],\n",
    "    [1,-1*2,-1*3,-4*4,1*5],\n",
    "    [1,0*2,-5*3,-1*4,5*5],\n",
    "    [1,-2*2,-2*3,-2*4,1*5],\n",
    "])\n",
    "hat(X3)"
   ]
  },
  {
   "cell_type": "code",
   "execution_count": 6,
   "metadata": {},
   "outputs": [
    {
     "data": {
      "text/plain": [
       "matrix([[6.625     , 2.13392857, 1.99801587, 1.30505952, 1.08928571],\n",
       "        [1.38392857, 1.35267857, 0.52281746, 0.30431548, 0.40892857],\n",
       "        [0.99801587, 0.52281746, 1.34589947, 0.21378968, 0.20436508],\n",
       "        [0.61755952, 0.21056548, 0.23462302, 1.11421131, 0.10386905],\n",
       "        [1.30178571, 0.87767857, 0.37936508, 0.33199405, 0.30571429]])"
      ]
     },
     "execution_count": 6,
     "metadata": {},
     "output_type": "execute_result"
    }
   ],
   "source": [
    "X4 = np.mat([\n",
    "    [1,-1,-2,-3,1],\n",
    "    [1/2,-3/2,-2/2,-1/2,1/2],\n",
    "    [1/3,-1/3,-1/3,-4/3,1/3],\n",
    "    [1/4,0/4,-5/4,-1/4,5/4],\n",
    "    [1/5,-2/5,-2/5,-2/5,1/5],\n",
    "])\n",
    "hat(X4)"
   ]
  },
  {
   "cell_type": "code",
   "execution_count": 7,
   "metadata": {},
   "outputs": [
    {
     "data": {
      "text/plain": [
       "matrix([[-2.28125   , -5.28125   , -3.82291667,  0.01041667, -3.78125   ],\n",
       "        [-2.03125   , -1.53125   , -2.82291667,  1.26041667, -1.78125   ],\n",
       "        [-3.94791667, -5.69791667, -3.73958333, -0.69791667, -4.82291667],\n",
       "        [-3.23958333, -4.73958333, -3.94791667,  0.63541667, -3.98958333],\n",
       "        [-2.53125   , -3.78125   , -3.32291667, -0.86458333, -3.15625   ]])"
      ]
     },
     "execution_count": 7,
     "metadata": {},
     "output_type": "execute_result"
    }
   ],
   "source": [
    "X5 = np.mat([\n",
    "    [-5,-1,-2,-3,1],\n",
    "    [-5,-3,-2,-1,1],\n",
    "    [-5,-1,-1,-4,1],\n",
    "    [-5,0,-5,-1,5],\n",
    "    [-5,-2,-2,-2,1],\n",
    "])\n",
    "hat(X5)"
   ]
  },
  {
   "cell_type": "code",
   "execution_count": 8,
   "metadata": {},
   "outputs": [
    {
     "data": {
      "text/plain": [
       "matrix([[ 1.00000000e+00,  1.41664458e-13, -6.88338275e-14,\n",
       "          9.76996262e-14,  2.04281037e-14],\n",
       "        [ 4.21884749e-14,  1.00000000e+00,  1.33892897e-13,\n",
       "         -8.90398866e-14,  6.66133815e-16],\n",
       "        [-5.24025268e-14,  1.79856130e-13,  1.00000000e+00,\n",
       "          2.40696352e-13, -7.10542736e-15],\n",
       "        [ 2.26485497e-14, -1.33670852e-13,  2.25486296e-13,\n",
       "          1.00000000e+00,  6.66133815e-16],\n",
       "        [ 3.41948692e-14,  4.39648318e-14, -7.66053887e-15,\n",
       "          1.65423231e-14,  1.00000000e+00]])"
      ]
     },
     "execution_count": 8,
     "metadata": {},
     "output_type": "execute_result"
    }
   ],
   "source": [
    "X = np.mat([\n",
    "    [2,2,1,1,0],\n",
    "    [3,2,1,2,1],\n",
    "    [4,1/2,1/3,3,1],\n",
    "    [5,1/2,1/3,4,1],\n",
    "    [1,1/2,1/3,5,1],\n",
    "])\n",
    "\n",
    "hat(X)"
   ]
  },
  {
   "cell_type": "code",
   "execution_count": 9,
   "metadata": {},
   "outputs": [
    {
     "data": {
      "text/plain": [
       "matrix([[ 1.00000000e+00,  9.54791801e-15, -4.92939023e-14,\n",
       "          2.33146835e-14, -1.33226763e-14],\n",
       "        [-9.43689571e-16,  1.00000000e+00,  5.53723734e-14,\n",
       "         -4.81004125e-14,  5.63438185e-15],\n",
       "        [ 7.83817455e-14,  1.86378690e-13,  1.00000000e+00,\n",
       "          1.60177427e-13,  2.53963517e-14],\n",
       "        [ 1.39888101e-13,  6.09234885e-14,  1.52849955e-13,\n",
       "          1.00000000e+00,  4.18276525e-14],\n",
       "        [-2.77555756e-16,  4.85722573e-15, -8.29891711e-15,\n",
       "          6.96664948e-15,  1.00000000e+00]])"
      ]
     },
     "execution_count": 9,
     "metadata": {},
     "output_type": "execute_result"
    }
   ],
   "source": [
    "X = np.mat([\n",
    "    [2,4,3,4,0],\n",
    "    [3,4,3,8,5],\n",
    "    [4,1,1,12,5],\n",
    "    [5,1,1,16,5],\n",
    "    [1,1,1,20,5],\n",
    "])\n",
    "\n",
    "hat(X)"
   ]
  },
  {
   "cell_type": "code",
   "execution_count": 10,
   "metadata": {},
   "outputs": [
    {
     "name": "stdout",
     "output_type": "stream",
     "text": [
      "[[ 2.86069852 -0.84206053 -0.10341797  0.37528845 -1.82408451]\n",
      " [-0.84206053  0.29539029  0.03100704 -0.11080997  0.5157187 ]\n",
      " [-0.10341797  0.03100704  0.00390458 -0.01389939  0.06559342]\n",
      " [ 0.37528845 -0.11080997 -0.01389939  0.05424596 -0.24869512]\n",
      " [-1.82408451  0.5157187   0.06559342 -0.24869512  1.20456601]]\n"
     ]
    },
    {
     "data": {
      "text/plain": [
       "matrix([[ 1.00000000e+00, -1.77635684e-14, -6.66133815e-15,\n",
       "         -1.42108547e-14, -3.99680289e-15],\n",
       "        [-8.43769499e-15,  1.00000000e+00, -1.44328993e-14,\n",
       "         -2.88657986e-15, -8.21565038e-15],\n",
       "        [ 1.88737914e-15, -1.08801856e-14,  1.00000000e+00,\n",
       "         -1.99840144e-15, -1.11022302e-15],\n",
       "        [-1.20736754e-15, -7.53563878e-15, -8.59035065e-15,\n",
       "          1.00000000e+00, -6.39766018e-15],\n",
       "        [ 2.60902411e-15, -1.11022302e-15,  5.55111512e-15,\n",
       "          3.77475828e-15,  1.00000000e+00]])"
      ]
     },
     "execution_count": 10,
     "metadata": {},
     "output_type": "execute_result"
    }
   ],
   "source": [
    "X = np.mat([\n",
    "    [1,4,3,4,0],\n",
    "    [3,4,3,8,5],\n",
    "    [4,2,1,1,5],\n",
    "    [5,1,100,16,5],\n",
    "    [1,1,1,20,5],\n",
    "])\n",
    "\n",
    "T = X.T\n",
    "print(np.linalg.inv(T.dot(X)))\n",
    "hat(X)"
   ]
  },
  {
   "cell_type": "code",
   "execution_count": null,
   "metadata": {},
   "outputs": [],
   "source": []
  }
 ],
 "metadata": {
  "kernelspec": {
   "display_name": "Python 3",
   "language": "python",
   "name": "python3"
  },
  "language_info": {
   "codemirror_mode": {
    "name": "ipython",
    "version": 3
   },
   "file_extension": ".py",
   "mimetype": "text/x-python",
   "name": "python",
   "nbconvert_exporter": "python",
   "pygments_lexer": "ipython3",
   "version": "3.8.5"
  }
 },
 "nbformat": 4,
 "nbformat_minor": 4
}
